donor1_day1 <- c(0.0015289221099125117,0.00628556867408477,0.009343412893909794,0.025821795634077976,0.01596874203686401,0.04357428013250658,0.06472436931962966,0.09080098530535972,0.07033041705597554,0.0675273931878026,0.016308502505733458,0.0050114669158243435,8.494011721736176e-05,8.494011721736176e-05,0.0,0.0,0.0005945808205215323,0.0,0.0,0.0,0.011891616410430647,0.05164359126815595,0.2876921770152043,0.2685806506412979,0.21472861632549053,0.002208443047651406,0.004926526798606982,0.002208443047651406,0.0025482035165208528,0.0025482035165208528,0.0011891616410430645,0.0005096407033041706,0.002123502930434044,0.016563322857385543,0.0639599082646734,0.10286248195022508,0.27996262634842434,0.2752909199014695,0.26025651915399645,0.22865879554913784,0.002803023868172938,0.006625329142954217,0.019451286842775844,0.05274781279198165,0.0790792491293638,0.1108468529686571,0.2956765480336363,0.28302047056824936,0.2585577168096492,0.2562643336447804,0.2240720292194003,0.24326849571052409,0.2723180157988618,0.27622526119086044,0.4306463942920241,0.4378663042554999,0.43506328038732694,0.5025057334579122,0.4534103457062771,0.3651575639174382,0.025227214813556442,0.015713921685211924,0.026246496220164783,0.07704068631614712,0.10473116452900705,0.13021319969421558,0.1257113734816954,0.16512358787055126,0.230102777541833,0.357597893485093,0.41102522721481355,0.498003907245392,0.4953707636116538,0.5760638749681475,0.5420878280812027,0.5721566295761488,0.54378663042555,0.5357173192899006,0.6902233925082817,0.6461394716724709,0.6073218381041365,0.5521957020300688,0.5070075596704323,0.47099294997027097,0.38664741357343074,0.5500721990996348,0.7013505478637561,0.7293807865454854,0.7184235114244457,0.8318185679096237,1.0,0.9717998810838359,0.8741187462838699,0.8886435063280387,0.8827826382400408,0.7839123417990317,0.6729805487131573,0.5008918712307823,0.29847957190180924,0.10141849995752994)
donor3_day1 <- c(0.008207273897650467,0.022851625362085612,0.020598648213710977,0.04232378500160927,0.019954940457032506,0.060347602188606374,0.08496942388155777,0.11136144190537496,0.08947537817830704,0.08223366591567428,0.021081429031219828,0.007402639201802382,0.001448342452526553,0.0016092693916961698,0.001770196330865787,0.000321853878339234,0.00048278081750885096,0.00048278081750885096,0.0,0.0,0.018667524943675573,0.06308336015448986,0.40827164467331833,0.33762471837785646,0.2557129063405214,0.006437077566784679,0.01078210492436434,0.0027357579658834888,0.004505954296749276,0.004345027357579659,0.0041841004184100415,0.0033794657225619568,0.003540392661731574,0.025265529449629866,0.08191181203733505,0.13405214032829096,0.40296105568072094,0.3437399420663019,0.30897972320566464,0.27486321210170583,0.014322497586095913,0.013035082072738976,0.039427100096556165,0.07563566140971999,0.11345349211457999,0.1429031219826199,0.4246861924686193,0.3628902478274863,0.346636626971355,0.32619890569681365,0.2909559060186675,0.35645317026070167,0.4233987769552623,0.40698422915996135,0.5576118442227229,0.5318635339555842,0.5500482780817508,0.7486321210170582,0.7154811715481172,0.5978435790151271,0.07595751528805922,0.06388799485033794,0.06742838751206952,0.10975217251367879,0.13984551013839716,0.1845831992275507,0.19536530415191503,0.24090762793691664,0.2999678146121661,0.44946894110074026,0.5571290634052141,0.6615706469262954,0.6358223366591568,0.7355970389443193,0.7280334728033473,0.7653685226906984,0.7188606372706791,0.7183778564531703,0.9916317991631799,0.8733504988735115,0.7587705181847442,0.6361441905374959,0.6086256839394915,0.5645317026070165,0.4876086256839395,0.6047634373994206,0.7924042484711941,0.8537174122948181,0.8828451882845189,0.7983585452204699,1.0,0.9946894110074026,0.9211457998068877,0.9620212423559704,0.909237206308336,0.8448664306404892,0.7072738976504667,0.5402317347924043,0.3358545220469907,0.2055037013196009)
donor3_day14 <- c(0.3275217932752179,0.5354919053549191,0.2627646326276463,0.273972602739726,0.13947696139476962,0.10336239103362391,0.11581569115815692,0.17310087173100872,0.14570361145703611,0.136986301369863,0.033623910336239106,0.0,0.0024906600249066002,0.0012453300124533001,0.0012453300124533001,0.0136986301369863,0.0062266500622665,0.0112079701120797,0.0112079701120797,0.0112079701120797,0.008717310087173101,0.04234122042341221,0.29763387297633875,0.2627646326276463,0.1980074719800747,0.017434620174346202,0.017434620174346202,0.0049813200498132005,0.009962640099626401,0.007471980074719801,0.0024906600249066002,0.009962640099626401,0.0062266500622665,0.014943960149439602,0.05603985056039851,0.0859277708592777,0.3001245330012453,0.29763387297633875,0.2851805728518057,0.24408468244084683,0.052303860523038606,0.034869240348692404,0.039850560398505604,0.06724782067247821,0.09838107098381071,0.11955168119551682,0.35118306351183065,0.33499377334993774,0.3287671232876712,0.3287671232876712,0.3163138231631382,0.3723536737235367,0.41594022415940224,0.47571606475716066,0.5815691158156912,0.6438356164383562,0.6674968866749689,0.75093399750934,0.7334993773349938,0.6475716064757161,0.23910336239103364,0.18679950186799502,0.16687422166874222,0.1506849315068493,0.14694894146948942,0.18804483188044832,0.20049813200498132,0.25529265255292655,0.3125778331257783,0.3835616438356164,0.40722291407222916,0.45703611457036114,0.44831880448318806,0.5155666251556662,0.572851805728518,0.6998754669987547,0.6587795765877957,0.6687422166874222,0.9115815691158157,0.825653798256538,0.7546699875466999,0.6724782067247821,0.635118306351183,0.6575342465753424,0.5716064757160647,0.5591531755915318,0.6537982565379825,0.6948941469489415,0.6998754669987547,0.635118306351183,0.887920298879203,0.8692403486924035,0.9227895392278954,1.0,0.9788293897882939,0.8518057285180572,0.8555417185554172,0.6251556662515566,0.39975093399750933,0.14072229140722292)
donor2_day2 <- c(0.15984405458089668,0.2698412698412698,0.1467557783347257,0.151489835700362,0.08465608465608465,0.09718741297688666,0.13311055416318573,0.19131161236424393,0.14452798663324978,0.14257866889445836,0.045391255917571705,0.017822333611807295,0.004177109440267335,0.003898635477582846,0.004455583402951824,0.006961849067112225,0.003620161514898357,0.003898635477582846,0.002506265664160401,0.001670843776106934,0.02227791701475912,0.07463102199944305,0.3812308549150654,0.32971317181843496,0.24923419660261764,0.016986911723753828,0.015873015873015872,0.000556947925368978,0.0,0.003898635477582846,0.002506265664160401,0.004455583402951824,0.008632692843219159,0.02729044834307992,0.09690893901420217,0.15789473684210525,0.3712057922584238,0.3419660261765525,0.29963798384851015,0.27457532720690614,0.028125870231133387,0.031467557783347255,0.04928989139515455,0.09802283486494012,0.14981899192425507,0.20607073238652185,0.4218880534670008,0.38791423001949316,0.36062378167641324,0.36285157337788915,0.32497911445279865,0.39598997493734334,0.4224450013923698,0.4202172096908939,0.6137566137566137,0.5895293790030632,0.6073517126148705,0.8256752993595099,0.8162071846282373,0.7212475633528265,0.13756613756613756,0.12503480924533555,0.13589529379003062,0.16374269005847952,0.19576719576719576,0.2124756335282651,0.1874129768866611,0.2425508214981899,0.30966304650515175,0.4572542467279309,0.5291005291005291,0.5978835978835979,0.5884154831523253,0.7195767195767195,0.732386521860206,0.8064605959342801,0.7666388192703982,0.8075744917850181,1.0,0.9086605402394876,0.8095238095238095,0.670286828181565,0.6042884990253411,0.5680868838763575,0.5065441381230855,0.6157059314954052,0.7529935950988582,0.7936507936507936,0.7964355332776385,0.6764132553606238,0.8499025341130604,0.8382066276803118,0.7947646895015316,0.7880813143971038,0.7864104706209969,0.7296017822333611,0.6630465051517683,0.4798106377053745,0.3358395989974937,0.21386800334168754)
