donor1_day0 <- c(0.0,0.0,0.0,0.0,0.0,0.0,0.0,0.0,0.0,0.0,0.0,0.0,0.0,0.0,0.0,0.0,0.0,0.0,0.0,0.0,0.0,0.0,0.0,0.0,0.0,0.0,0.0,0.0,0.0,0.0,0.0,0.0,0.0,0.0,0.0,0.0,0.0,0.0,0.0,0.0,0.0,0.0,0.0,0.0,0.0,0.0,0.16666666666666666,0.16666666666666666,0.0,0.16666666666666666,0.0,0.16666666666666666,0.0,0.3333333333333333,0.3333333333333333,0.5,0.5,0.3333333333333333,0.6666666666666666,0.5,0.6666666666666666,0.5,0.3333333333333333,0.5,0.6666666666666666,0.6666666666666666,0.6666666666666666,0.5,0.3333333333333333,0.3333333333333333,0.3333333333333333,0.3333333333333333,0.3333333333333333,0.5,0.3333333333333333,0.3333333333333333,0.8333333333333334,0.8333333333333334,0.8333333333333334,0.6666666666666666,0.6666666666666666,0.6666666666666666,0.6666666666666666,0.6666666666666666,0.6666666666666666,0.6666666666666666,0.5,0.6666666666666666,0.5,0.6666666666666666,0.6666666666666666,0.8333333333333334,0.8333333333333334,0.8333333333333334,0.8333333333333334,0.8333333333333334,0.8333333333333334,0.8333333333333334,1.0,0.8333333333333334)
donor2_day0 <- c(0.0,0.16666666666666666,0.0,0.0,0.0,0.0,0.0,0.0,0.0,0.0,0.0,0.0,0.0,0.0,0.0,0.0,0.0,0.0,0.0,0.0,0.0,0.0,0.0,0.0,0.0,0.0,0.0,0.0,0.0,0.0,0.0,0.0,0.0,0.0,0.0,0.0,0.0,0.0,0.0,0.0,0.0,0.0,0.0,0.0,0.0,0.0,0.16666666666666666,0.0,0.0,0.16666666666666666,0.0,0.16666666666666666,0.0,0.3333333333333333,0.0,0.3333333333333333,0.3333333333333333,0.3333333333333333,0.16666666666666666,0.16666666666666666,0.0,0.16666666666666666,0.16666666666666666,0.16666666666666666,0.16666666666666666,0.16666666666666666,0.16666666666666666,0.16666666666666666,0.16666666666666666,0.16666666666666666,0.3333333333333333,0.3333333333333333,0.3333333333333333,0.3333333333333333,0.3333333333333333,0.3333333333333333,0.5,0.5,0.5,0.3333333333333333,0.6666666666666666,0.8333333333333334,0.8333333333333334,0.8333333333333334,0.8333333333333334,0.8333333333333334,0.8333333333333334,0.6666666666666666,1.0,1.0,1.0,1.0,1.0,1.0,1.0,1.0,0.5,0.5,0.5,0.5)
donor1_day1 <- c(0.05813953488372093,0.03488372093023256,0.029069767441860465,0.0,0.0,0.0,0.01744186046511628,0.011627906976744186,0.0,0.0,0.0,0.0,0.040697674418604654,0.029069767441860465,0.0,0.005813953488372093,0.005813953488372093,0.0,0.0,0.0,0.05232558139534884,0.05813953488372093,0.005813953488372093,0.005813953488372093,0.011627906976744186,0.040697674418604654,0.005813953488372093,0.040697674418604654,0.023255813953488372,0.005813953488372093,0.005813953488372093,0.005813953488372093,0.040697674418604654,0.040697674418604654,0.0,0.01744186046511628,0.0,0.01744186046511628,0.005813953488372093,0.023255813953488372,0.023255813953488372,0.01744186046511628,0.046511627906976744,0.03488372093023256,0.005813953488372093,0.1686046511627907,0.16279069767441862,0.0,0.0,0.06395348837209303,0.03488372093023256,0.14534883720930233,0.18604651162790697,0.23255813953488372,0.26744186046511625,0.2616279069767442,0.32558139534883723,0.29069767441860467,0.4011627906976744,0.28488372093023256,0.36046511627906974,0.3081395348837209,0.3953488372093023,0.42441860465116277,0.36627906976744184,0.4127906976744186,0.4127906976744186,0.46511627906976744,0.38953488372093026,0.3546511627906977,0.3953488372093023,0.4186046511627907,0.37790697674418605,0.4476744186046512,0.28488372093023256,0.26744186046511625,0.7848837209302325,0.7441860465116279,0.686046511627907,0.7151162790697675,0.7790697674418605,0.7558139534883721,0.7674418604651163,0.9069767441860465,0.9302325581395349,0.8895348837209303,1.0,0.8953488372093024,0.9127906976744186,0.9186046511627907,0.9127906976744186,0.5058139534883721,0.5058139534883721,0.5232558139534884,0.5465116279069767,0.5174418604651163,0.6046511627906976,0.686046511627907,0.6569767441860465,0.5872093023255814)
donor3_day3 <- c(0.03333333333333333,0.02,0.02,0.02,0.016666666666666666,0.013333333333333334,0.016666666666666666,0.023333333333333334,0.013333333333333334,0.016666666666666666,0.016666666666666666,0.02666666666666667,0.03,0.01,0.03666666666666667,0.02,0.023333333333333334,0.016666666666666666,0.03,0.03333333333333333,0.023333333333333334,0.02666666666666667,0.03,0.03666666666666667,0.02,0.023333333333333334,0.02,0.023333333333333334,0.02,0.013333333333333334,0.013333333333333334,0.013333333333333334,0.03,0.02666666666666667,0.03333333333333333,0.03,0.03333333333333333,0.02,0.023333333333333334,0.02,0.016666666666666666,0.02,0.016666666666666666,0.016666666666666666,0.016666666666666666,0.16666666666666666,0.2,0.016666666666666666,0.0,0.03666666666666667,0.043333333333333335,0.07666666666666666,0.1,0.14,0.21333333333333335,0.21333333333333335,0.22333333333333333,0.2733333333333333,0.29333333333333333,0.3,0.30333333333333334,0.2866666666666667,0.32,0.37333333333333335,0.35333333333333333,0.3433333333333333,0.36,0.3566666666666667,0.3466666666666667,0.32666666666666666,0.3333333333333333,0.3233333333333333,0.31666666666666665,0.3566666666666667,0.33666666666666667,0.31,0.65,0.63,0.58,0.5666666666666667,0.6,0.61,0.63,0.7133333333333334,0.8366666666666667,0.8633333333333333,0.8766666666666667,0.8533333333333334,0.9166666666666666,0.96,1.0,0.7366666666666667,0.7633333333333333,0.76,0.8,0.76,0.74,0.7366666666666667,0.6833333333333333,0.67)
donor3_day1 <- c(0.048859934853420196,0.009771986970684038,0.05863192182410423,0.048859934853420196,0.009771986970684038,0.03257328990228013,0.013029315960912053,0.013029315960912053,0.026058631921824105,0.03257328990228013,0.04234527687296417,0.009771986970684038,0.003257328990228013,0.006514657980456026,0.003257328990228013,0.003257328990228013,0.003257328990228013,0.003257328990228013,0.06514657980456026,0.03908794788273615,0.03908794788273615,0.009771986970684038,0.026058631921824105,0.009771986970684038,0.03257328990228013,0.035830618892508145,0.035830618892508145,0.03908794788273615,0.009771986970684038,0.013029315960912053,0.02280130293159609,0.03257328990228013,0.02280130293159609,0.006514657980456026,0.029315960912052116,0.03908794788273615,0.05537459283387622,0.03908794788273615,0.013029315960912053,0.026058631921824105,0.026058631921824105,0.026058631921824105,0.016286644951140065,0.013029315960912053,0.0,0.1758957654723127,0.13029315960912052,0.003257328990228013,0.0,0.026058631921824105,0.05211726384364821,0.12052117263843648,0.13355048859934854,0.16938110749185667,0.2280130293159609,0.24429967426710097,0.2899022801302932,0.3127035830618892,0.3485342019543974,0.36156351791530944,0.3778501628664495,0.3550488599348534,0.3941368078175896,0.4201954397394137,0.3941368078175896,0.40716612377850164,0.4006514657980456,0.39087947882736157,0.40716612377850164,0.3745928338762215,0.3485342019543974,0.3257328990228013,0.28664495114006516,0.28664495114006516,0.26058631921824105,0.24104234527687296,0.5537459283387622,0.5472312703583062,0.5374592833876222,0.5276872964169381,0.5732899022801303,0.5667752442996743,0.5765472312703583,0.6807817589576547,0.752442996742671,0.8045602605863192,0.7915309446254072,0.8306188925081434,0.9543973941368078,0.9771986970684039,1.0,0.7035830618892508,0.7296416938110749,0.7296416938110749,0.758957654723127,0.7100977198697068,0.7035830618892508,0.6351791530944625,0.5732899022801303,0.5472312703583062)
