donor1_day14 <- c(0.4620797498045348,0.6794370602032838,0.372556684910086,0.30688037529319784,0.18178264268960126,0.17591868647380765,0.20445660672400312,0.21071149335418296,0.16614542611415167,0.15089913995308835,0.08795934323690383,0.05003909304143862,0.04300234558248632,0.04652071931196247,0.0656763096168882,0.10672400312744332,0.08717748240813135,0.06254886630179828,0.055121188428459734,0.0856137607505864,0.13878029710711492,0.1614542611415168,0.3338545738858483,0.2842064112587959,0.227130570758405,0.08874120406567632,0.038702111024237686,0.0,0.03831118060985145,0.045738858483189995,0.045738858483189995,0.05707584050039093,0.2873338545738858,0.26465989053948397,0.245113369820172,0.11610633307271306,0.25879593432369036,0.23064894448788115,0.2361219702892885,0.21266614542611414,0.06293979671618452,0.04847537138389367,0.044175136825645035,0.056684910086004694,0.0797498045347928,0.1055512118842846,0.2623143080531665,0.23143080531665364,0.2501954652071931,0.2290852228303362,0.21266614542611414,0.2701329163408913,0.2978889757623143,0.33229085222830335,0.4311962470680219,0.42689601250977327,0.41985926505082094,0.5500390930414386,0.5328381548084441,0.47263487099296325,0.22243940578577012,0.21579358874120408,0.22830336200156373,0.22478498827208757,0.2400312744331509,0.27130570758405004,0.2623143080531665,0.3096168881939015,0.2955433932759969,0.35379202501954654,0.3655199374511337,0.3944487881157154,0.39913995308835026,0.4284597341673182,0.47068021892103207,0.5062548866301798,0.5199374511336982,0.5035183737294762,0.6188428459734168,0.5727130570758405,0.983580922595778,0.9702892885066459,1.0,0.9718530101641908,0.9210320562939797,0.9663799843627834,0.8623924941360438,0.9210320562939797,0.9972634870992964,0.9741985926505082,0.9468334636434714,0.9573885848318999,0.9253322908522283,0.8795934323690383,0.7869429241594996,0.7032838154808444,0.602814698983581,0.4800625488663018,0.30023455824863177,0.14112587959343237)
donor1_day4 <- c(0.342847198050818,0.5683954054994779,0.30281935259310827,0.2669683257918552,0.14653672119735467,0.18099547511312217,0.21232161503654717,0.20048729550991995,0.18203967977723634,0.13435433344935607,0.06752523494604942,0.02888966237382527,0.023668639053254437,0.014966933518969718,0.024016707274625827,0.04281239122868082,0.027149321266968326,0.027497389488339713,0.030630003480682212,0.027149321266968326,0.059519665854507485,0.08318830490776193,0.22763661677688826,0.20849286460146188,0.16011138183083884,0.044900800556909155,0.03202227636616777,0.0,0.017055342847198052,0.023320570831883047,0.04698920988513749,0.08179603202227637,0.24121127741037243,0.21893491124260356,0.23390184476157327,0.1333101287852419,0.26627218934911245,0.23807866341802994,0.20048729550991995,0.18099547511312217,0.05708318830490776,0.07205012182387747,0.07030978071702054,0.08318830490776193,0.12356421858684302,0.16289592760180996,0.29342151061608074,0.2526975287156283,0.25026105116602854,0.24643230073094327,0.22137138879220328,0.2948137835015663,0.29794639749390883,0.3216150365471632,0.4075878872258963,0.4229028889662374,0.4629307344239471,0.5583014270797076,0.5408980160111382,0.4775495997215454,0.20884093282283328,0.19352593108249216,0.18308388444135051,0.19039331709014967,0.2018795683954055,0.26209537069265576,0.2697528715628263,0.30838844413505045,0.3101287852419074,0.347372084928646,0.37138879220327187,0.39923424991298295,0.39923424991298295,0.4591019839888618,0.47406891750783153,0.514792899408284,0.5450748346675949,0.5332405151409676,0.6529759832927253,0.6115558649495301,1.0,0.9620605638705186,0.96240863209189,0.9509223807866342,0.9213365819700662,0.9878176122520014,0.8548555516881309,0.9317786286112077,0.9850330664810303,0.9262095370692656,0.9530107901148626,0.9564914723285765,0.8917507831534981,0.8538113470240167,0.7473024712843718,0.71179951270449,0.6376609815523843,0.4723285764009746,0.3042116254785938,0.16324399582318133)
donor1_day8 <- c(0.342180217503884,0.49948213360952876,0.2718798549974107,0.22928534438114967,0.1179440704298291,0.13930605903676851,0.18034697048161574,0.17361470740548937,0.1506991196271362,0.11897980321077162,0.05217503883997929,0.01696012428793371,0.014241325737959606,0.0,0.0033661315380631796,0.04596064215432418,0.053340238218539615,0.04919730709476955,0.02783531848783014,0.03702744691869498,0.09994821336095287,0.12247540134645261,0.2836613153806318,0.25737959606421545,0.22488348006214395,0.0700414293112377,0.04531330916623511,0.007120662868979803,0.02848265147591921,0.028612118073537026,0.017866390471258417,0.04246504401864319,0.2651475919212843,0.2515535991714138,0.25491973070947693,0.11664940445365096,0.2383480062143967,0.22941481097876748,0.20766442257897463,0.2040393578456758,0.05165717244950803,0.04570170895908855,0.05657690315898498,0.08182288969445883,0.09554634904194718,0.1337389953392025,0.2670895908855515,0.24482133609528742,0.24728120145002588,0.24029000517866392,0.21957534955981356,0.2767995857068876,0.312143966856551,0.34269808389435524,0.46517348524080787,0.4751424132573796,0.4640082858622475,0.5678404971517349,0.56279129984464,0.5113930605903677,0.20779388917659244,0.20157949249093735,0.2155618850336613,0.21944588296219575,0.24016053858104608,0.27602278612118075,0.2624287933713102,0.3192646297255308,0.32858622475401345,0.3810201967892284,0.38684619368203005,0.41610564474365613,0.4172708441222165,0.4698342827550492,0.4763076126359399,0.5151475919212843,0.4918436043500777,0.4655618850336613,0.5728896944588296,0.5517866390471259,0.9549456240290005,0.9163645779388918,0.934360435007768,0.9397980321077162,0.9456240290005179,1.0,0.8322112894873123,0.9066545831175556,0.9989642672190575,0.9272397721387882,0.9322889694458829,0.9545572242361471,0.8855515277058519,0.8190056965302952,0.7026152252718798,0.6321853961677887,0.5507509062661833,0.41973070947695496,0.2610046607975142,0.13788192646297256)
donor3_day14 <- c(0.35086277732128185,0.5250616269515201,0.2695152013147083,0.27608874281018897,0.1741988496302383,0.17748562037797863,0.21692686935086278,0.21939194741166804,0.19391947411668037,0.15283483976992604,0.114215283483977,0.06080525883319639,0.05341002465078061,0.03779786359901397,0.03204601479046836,0.07395234182415776,0.07559572719802794,0.09449465899753492,0.08216926869350863,0.08874281018898932,0.10517666392769104,0.14050944946589974,0.29580936729663104,0.26047658175842237,0.16680361544782252,0.036154478225143796,0.023007395234182416,0.0,0.007395234182415777,0.027115858668857847,0.05012325390304026,0.07395234182415776,0.30238290879211177,0.2810188989317995,0.2629416598192276,0.1199671322925226,0.2654067378800329,0.24979457682826622,0.26622843056696793,0.2325390304026294,0.08463434675431389,0.0714872637633525,0.06737880032867707,0.08627773212818406,0.09367296631059983,0.12243221035332785,0.2818405916187346,0.25554642563681185,0.257189811010682,0.24404272801972063,0.2341824157764996,0.29663105998356615,0.3196384552177486,0.3730484798685292,0.4617912900575185,0.5028759244042728,0.5275267050123253,0.5981922760887428,0.589975349219392,0.5209531635168447,0.2448644207066557,0.21281840591618734,0.20870994248151192,0.1791290057518488,0.1799506984387839,0.23171733771569433,0.22021364009860311,0.25554642563681185,0.27198027937551356,0.3410024650780608,0.35168447000821695,0.39276910435497125,0.3985209531635168,0.43303204601479045,0.46672144617912903,0.543138866064092,0.5176663927691043,0.4905505341002465,0.6614626129827444,0.6138044371405095,1.0,0.9597370583401807,0.952341824157765,0.9646672144617913,0.9301561216105176,0.9359079704190633,0.7880032867707477,0.8841413311421529,0.9441248972884141,0.9317995069843878,0.9786359901396877,0.9572719802793755,0.9506984387838948,0.9383730484798686,0.8512736236647493,0.7444535743631882,0.7181594083812654,0.5168447000821693,0.3163516844700082,0.09695973705834018)
